1 2.14576721191e-06 1.90734863281e-06
2 2.14576721191e-06 3.09944152832e-06
3 2.14576721191e-06 2.86102294922e-06
4 3.09944152832e-06 2.86102294922e-06
5 5.96046447754e-06 2.86102294922e-06
6 8.10623168945e-06 2.86102294922e-06
7 1.4066696167e-05 3.09944152832e-06
8 2.19345092773e-05 1.90734863281e-06
9 3.50475311279e-05 3.09944152832e-06
10 5.50746917725e-05 3.09944152832e-06
11 8.79764556885e-05 3.09944152832e-06
12 0.000154972076416 2.86102294922e-06
13 0.000229120254517 1.90734863281e-06
14 0.000367879867554 1.90734863281e-06
15 0.000595092773438 3.09944152832e-06
16 0.00096583366394 3.09944152832e-06
17 0.00156807899475 3.09944152832e-06
18 0.00253200531006 3.09944152832e-06
19 0.00332999229431 2.14576721191e-06
20 0.00529003143311 2.14576721191e-06
21 0.00853705406189 2.14576721191e-06
22 0.0138020515442 3.09944152832e-06
23 0.0222492218018 1.90734863281e-06
24 0.0360980033875 1.90734863281e-06
25 0.0579919815063 1.90734863281e-06
26 0.0948441028595 2.86102294922e-06
27 0.153694152832 2.14576721191e-06
28 0.247313022614 2.14576721191e-06
29 0.406205892563 5.96046447754e-06
30 0.641319036484 2.86102294922e-06
31 1.03554797173 3.09944152832e-06
32 1.67818808556 2.19345092773e-05
33 2.70247387886 5.00679016113e-06
34 4.22005200386 8.10623168945e-06
35 7.02261805534 1.81198120117e-05
36 11.297811985 4.05311584473e-06
37 17.8314900398 5.00679016113e-06
