1000 0.000136137008667 9.01222229004e-05
2000 0.000270843505859 0.000224113464355
3000 0.000386953353882 0.000366926193237
4000 0.000510931015015 0.000485897064209
5000 0.000245094299316 0.000193119049072
6000 0.000247955322266 0.000231027603149
7000 0.00031590461731 0.000270843505859
8000 0.000319957733154 0.000308990478516
9000 0.000405073165894 0.000352144241333
10000 0.000403881072998 0.000391006469727
11000 0.000447034835815 0.000430107116699
12000 0.000542879104614 0.00049090385437
13000 0.000529050827026 0.000517845153809
14000 0.000568151473999 0.000556945800781
15000 0.000462055206299 0.000443935394287
